02020000000
02020000001
02020000002
02020000003
02020000004
02020000005
02020000006
02020000007
02020000008
02020000009
02020000010
02020000011
02020000012
02020000013
02020000014
02020000015
02020000016
02020000017
02020000018
02020000019
02020000020
02020000021
02020000022
02020000023
02020000024
02020000025
02020000026
02020000027
02020000028
02020000029
02020000030
02020000031
02020000032
02020000033
02020000034
02020000035
02020000036
02020000037
02020000038
02020000039
02020000040
02020000041
02020000042
02020000043
02020000044
02020000045
02020000046
02020000047
02020000048
02020000049
02020000050
02020000051
02020000052
02020000053
02020000054
02020000055
02020000056
02020000057
02020000058
02020000059
02020000060
02020000061
02020000062
02020000063
02020000064
02020000065
02020000066
02020000067
02020000068
02020000069
02020000070
02020000071
02020000072
02020000073
02020000074
02020000075
02020000076
02020000077
02020000078
02020000079
02020000080
02020000081
02020000082
02020000083
02020000084
02020000085
02020000086
02020000087
02020000088
02020000089
02020000090
02020000091
02020000092
02020000093
02020000094
02020000095
02020000096
02020000097
02020000098
